0 0 0 0 / 1 1 1 1
255 255 255 140 / 255 255 255 80 / 255 255 255 100 / 255 255 255 125 / 255 255 150 230 / 255 255 255 190 / 255 255 255 230 / 255 255 200 70 / 255 255 200 100 / 255 255 200 125 / 255 255 200 150 / 255 255 200 190 / 255 173 255 230
255 255 150 80 / 255 255 150 115 / 255 255 150 150 / 255 255 150 190 / 255 255 255 150 / 200 255 255 93 / 200 255 255 134 /200 255 255 125 / 200 255 255 150 / 200 255 255 190 / 200 255 255 230 / 163 255 255 177 / 150 255 255 130
150 255 255 165	/ 150 255 255 190 / 150 255 255 230 / 255 200 255 100 / 255 238 255 222 / 255 200 255 190 / 255 200 255 230 / 255 182 255 181 / 255 186 255 122 / 255 150 255 150 / 255 150 255 190 / 200 200 200 220 / 255 200 200 113
255 200 200 120 / 255 200 200 140 / 255 200 200 190 / 255 200 200 230 / 205 210 255 127 / 200 200 255 130 / 200 200 255 180 / 200 200 255 200 / 200 200 255 230 / 222 222 200 143 / 200 200 200 120 / 200 200 200 170 / 255 255 200 230
255 5 0 9 / 255 10 10 0 / 251 28 28 0 / 253 51 89 22 / 255 22 90 57 / 103 57 36 0 / 239 0 0 2 / 240 20 80 64 / 66 11 11 9 / 10 1 1 3 / 230 0 0 129 / 255 0 0 70 / 253 43 43 30
255 0 0 0 / 39 8 4 2 / 240 10 0 125 / 255 140 135 149 / 255 154 96 60 / 241 34 34 36 / 251 28 10 50 / 162 0 0 157 / 234 105 67 48 / 221 81 49 79 / 30 30 0 138 / 193 15 0 21 / 255 111 25 53
255 20 0 0 / 239 0 4 3 / 230 0 176 122 / 240 20 80 29 / 255 49 165 125 / 90 39 32 0 / 18 20 53 1 / 238 47 24 82 / 255 2 0 148 / 42 3 0 18 / 94 21 12 37 / 231 67 58 69 / 166 21 91 99
229 64 15 78 / 239 43 113 185 / 253 29 29 85 / 9 255 127 105 / 35 9 5 77 / 116 255 88 62 / 98 96 91 110 / 242 142 92 69 / 209 0 61 55	
255 0 0 53 / 255 55 5 102 / 239 45 45 125 / 255 21 35 6 / 255 85 40 0 / 251 50 130 77 / 162 147 132 70 / 95 95 95 30 / 240 57 3 96 / 208 72 38 35 / 24 11 8 25 / 8 2 0 25 / 34 17 13 8
253 60 89 96 / 230 6 6 146 / 250 104 87 110 / 251 125 77 143 / 255 135 115 154 / 30 28 15 0 / 50 38 34 32
255 3 3 115 / 255 42 0 168 / 241 41 87 142 / 255 84 70 131 / 251 130 10 184 / 50 19 0 0 / 227 160 25 16 / 35 54 6 32 / 76 68 14 10 / 81 59 30 0 / 255 215 17 104 / 0 40 30 140 / 234 27 3 63
255 207 0 121 / 200 174 0 144 / 185 152 44 71 / 235 134 41 52 / 154 102 29 75 / 54 64 58 107
255 217 0 177 / 246 231 129 191 / 255 229 100 135 / 74 74 47 49 / 51 46 2 143 / 251 164 15 191 / 105 255 43 131 / 246 181 70 64 / 240 222 63 128 / 183 136 60 17 / 170 128 14 32 / 45 45 24 21 / 154 102 29 55
255 244 0 67 / 145 116 13 44 / 120 118 112 185 / 243 139 87 53 / 136 119 90 58
255 255 0 58 / 250 255 32 68 / 255 235 67 208 / 176 220 125 37 / 205 204 3 83 / 86 225 62 21 / 254 254 96 77 / 162 200 0 211 / 88 88 57 21 / 0 83 15 0 / 86 86 59 3
255 251 92 90 / 200 255 0 124 / 138 153 80 101 / 53 255 49 84 / 24 117 70 41 / 9 13 4 8
26 255 0 58 / 0 208 86 21 / 54 25 50 0 / 0 255 154 156
110 255 0 0 / 146 170 23 71 / 1 240 101 107 / 254 0 0 1 / 80 254 105 134 / 29 148 81 16 / 140 255 54 22 / 8 18 0 0 / 130 255 36 35 / 100 251 10 184 / 8 20 0 45
60 255 0 30 / 60 255 0 63 / 60 255 0 50 / 151 250 87 146 / 73 108 81 10 / 66 107 75 30 / 106 202 106 83
0 255 0 27 / 31 81 56 11 / 7 222 83 77 / 55 252 157 88 / 92 253 92 48 / 140 255 140 46 / 52 252 52 0 / 0 200 0 0 / 21 255 21 46 / 3 170 3 26 / 32 225 44 4
0 142 60 41 / 0 255 159 108 / 0 255 10 35 / 62 239 69 76 / 255 254 132 69
42 247 150 70 / 116 255 88 30 / 136 241 67 44 / 247 11 30 13 / 21 135 78 23 / 130 0 0 0 / 74 233 117 30 / 50 255 70 0 / 75 98 95 63 / 255 118 67 41 / 72 240 80 62 / 3 151 28 20 / 29 148 40 62
85 195 129 62 / 0 255 45 55 / 81 245 132 76 / 10 15 16 11 / 17 255 116 31 / 63 108 67 62
91 253 125 55 / 96 251 167 64 / 8 235 136 62 / 255 255 164 24 / 167 255 189 0 / 0 255 122 74 / 28 230 79 0 / 24 131 52 17 / 1 231 44 20 / 255 205 37 125	
0 255 196 86 / 0 255 223 122 / 230 203 18 141 / 25 29 26 0
0 9 54 0 / 0 174 225 20 / 19 193 176 47 / 30 176 201 105 / 94 201 163 38 / 15 68 20 0
0 255 255 31 / 50 255 255 20 / 131 173 163 44 / 251 184 22 42 / 16 199 104 37 / 0 197 106 42 / 104 115 72 16	
0 100 255 11 / 42 105 203 57 / 242 182 117 0 / 5 4 8 4 / 107 212 176 36 / 8 124 124 16 / 17 32 160 37 / 72 66 84 26 / 15 17 21 10 / 207 189 0 66 / 146 216 255 71	
27 92 250 29 / 0 50 255 36 / 251 55 128 65 / 29 58 205 11 / 6 75 84 0 / 1 76 240 0 / 56 114 183 28 / 118 231 217 0 / 0 70 100 5 / 30 176 201 13 / 28 202 173 86
0 41 166 0 / 25 92 255 27 / 4 4 38 0 / 231 13 13 4 / 240 240 255 0 / 1 15 130 5 / 0 32 45 0 / 0 0 10 0 / 17 41 54 3 / 14 20 54 17
0 27 191 15 / 255 0 0 24 / 124 25 241 21 / 98 245 255 35
106 1 240 21 / 255 254 0 96 / 136 70 230 55 / 254 101 95 103
86 0 172 42 / 155 55 255 0 / 184 114 255 33 / 224 35 188 53 / 169 113 106 30 / 5 40 134 17 / 73 8 105 25 / 41 10 72 11 / 31 15 33 16
255 0 122 100 / 190 0 255 155 / 13 134 194 20 / 204 69 139 100	
242 18 149 144 / 227 2 86 5 / 255 0 53 0 / 183 14 146 55 / 225 0 131 48 / 131 0 90 63 / 20 4 29 6 / 255 0 90 16 / 251 251 0 255 / 243 0 81 16
255 0 175 42 / 255 114 114 110
255 0 90 11 / 54 8 30 0 / 33 3 50 6 / 68 31 108 11
255 0 60 0 / 255 12 64 10 / 252 11 36 0 / 234 13 160 133 / 195 0 163 39 / 255 4 20 0 / 113 3 26 0 / 66 7 77 64
255 0 63 22 / 240 0 135 52 / 242 13 46 39 / 228 104 107 89 / 105 108 63 45 / 122 59 45 24
173 12 140 0 / 246 0 41 5 / 222 27 92 131 / 255 0 20 50
108 108 108 54 / 77 73 71 22 / 49 46 49 14 / 0 0 0 110 / 28 27 27 29 / 148 67 40 34 / 2 2 2 2 / 201 132 67 0 / 69 46 51 24 / 177 171 161 164 / 119 119 110 69 / 40 41 40 14 / 239 223 117 27
54 177 90 0 / 74 26 26 54 / 190 78 5 28 / 253 13 13 13 / 70 24 24 37 / 20 0 0 64